   0.0000000000000000       0.93749999999999445        1.1731770833334545     
   1.0000000000000000       0.61561109263759983       0.43911054609239497     
   2.0000000000000000       0.56534717451529182       0.32665524258260187     
   3.0000000000000000       0.55969694490568822       0.31402042142241421     
   4.0000000000000000       0.55908970507591682       0.31266258613627634     
   5.0000000000000000       0.55902476598959472       0.31251737785950467     
   6.0000000000000000       0.55901782499408770       0.31250185732095909     
   7.0000000000000000       0.55901708314985199       0.31250019850680399     
   8.0000000000000000       0.55901700386302122       0.31250002121606485     
   9.0000000000000000       0.55901699538900929       0.31250000226760166     
   10.000000000000000       0.55901699448332376       0.31250000024243446     
   11.000000000000000       0.55901699438652586       0.31250000002598094     
   12.000000000000000       0.55901699437618058       0.31250000000285316     
   13.000000000000000       0.55901699437507446       0.31250000000037509     
   14.000000000000000       0.55901699437495633       0.31250000000011313     
   15.000000000000000       0.55901699437494334       0.31250000000007905     
   16.000000000000000       0.55901699437494223       0.31250000000006661     
   17.000000000000000       0.55901699437494201       0.31250000000006622     
   18.000000000000000       0.55901699437494190       0.31250000000006622     
   19.000000000000000       0.55901699437494190       0.31250000000006617     
   20.000000000000000       0.55901699437494190       0.31250000000006617     
