   0.0000000000000000       0.66666666666666574       0.93749999999999467        1.1731770833334421       -2.6498857654682622E-019
  0.10000000000000001       0.63154969197358390        1.5131375192191769        3.2908522389966768       -1.1988846255134544E-015
  0.20000000000000001       0.52631940300399671        1.3250417779905053        2.6105096115921280        4.6305633141921268E-016
  0.30000000000000004       0.43041811794613083        1.1589839633777892        2.0752282304488379       -2.0038375152778731E-016
  0.40000000000000002       0.34237379492832576        1.0130289020867680        1.6508255308340340       -1.0183351347191099E-015
  0.50000000000000000       0.26116039041591482       0.88640672442125934        1.3126057018291324       -1.4032008174547427E-015
  0.60000000000000009       0.18620750775112072       0.77903123649630546        1.0424139509428341       -8.4581344634301992E-016
  0.70000000000000007       0.11738354528548871       0.69103196965902491       0.82691192679803771       -1.3085193030551350E-015
  0.80000000000000004        5.4927966384021934E-002  0.62232804059928459       0.65645422381603691        9.0836877319746893E-017
  0.90000000000000002       -6.6591454836656492E-004  0.57230372789462058       0.52419620088229624        2.6250754694597376E-016
   1.0000000000000000       -4.8794205887069834E-002  0.53963585774062262       0.42525568439495692        1.3230372357742607E-016
   1.1000000000000001       -8.8879715412689367E-002  0.52228481782341463       0.35589990754209910        1.7590075372453865E-016
   1.2000000000000002      -0.12047730992907890       0.51761960363659842       0.31281877777590250        2.9694976610498110E-016
   1.3000000000000000      -0.14333577434561173       0.52262323441735004       0.29257013431712464        1.3095401605053423E-016
   1.4000000000000001      -0.15741853186599677       0.53412348028584877       0.29125771990094312        1.2059153218281160E-017
   1.5000000000000000      -0.16289390901706818       0.54900783451666479       0.30445542789057373       -1.0078404348674290E-016
   1.6000000000000001      -0.16010770976402322       0.56440014571510200       0.32734576533581744       -1.6003658060694416E-016
   1.7000000000000002      -0.14954883530028926       0.57779161763543307       0.35500923790550393        7.5733941111265306E-017
   1.8000000000000000      -0.13181511551285208       0.58712825251665068       0.38278752905450736        1.8013153124750252E-016
   1.9000000000000001      -0.10758314310977421       0.59086090803641322       0.40664455221335583       -2.6438366316134682E-016
   2.0000000000000000       -7.7583457429813457E-002  0.58796485935085296       0.42346163637492962        1.3171286211906080E-016
   2.1000000000000001       -4.2580975854070766E-002  0.57793488908622559       0.43122224105682888       -6.1393903411298845E-017
   2.2000000000000002       -3.3598861463020220E-003  0.56076064475807608       0.42906412195823052       -4.8744463845451259E-017
   2.3000000000000003        3.9287988521495794E-002  0.53688589432101363       0.41719961081238954       -2.4864336770206153E-017
   2.4000000000000004        8.4572285122843413E-002  0.50715457292068911       0.39672480750380779       -1.0016860018751978E-016
   2.5000000000000000       0.13171142739747965       0.47274613691358425       0.36935364968540696        7.6936636019781642E-016
   2.6000000000000001       0.17993876738589654       0.43510263191404297       0.33712135192941672       -7.4778141236403365E-016
   2.7000000000000002       0.22850795551541433       0.39584993188485890       0.30210282550203571       -3.0367202716339487E-016
   2.8000000000000003       0.27669781389821818       0.35671572201431601       0.26618566422962281       -2.6968493247236716E-016
   2.9000000000000004       0.32381688147047000       0.31944690804629683       0.23092538264508769       -2.1111128521888293E-016
   3.0000000000000000       0.36920772255111434       0.28572918998282099       0.19749491850589221       -7.5423512135122594E-016
   3.1000000000000001       0.41225103663956408       0.25711150862247095       0.16672357516052444       -3.0029043403621231E-016
   3.2000000000000002       0.45236957125038796       0.23493794403142726       0.13920530693028774        4.6487782955941409E-018
   3.3000000000000003       0.48903181660805439       0.22028941195550791       0.11544496461606930       -2.1577146383256696E-015
   3.4000000000000004       0.52175544741649016       0.21393717224981940        9.6005562959548152E-002   1.3243816099753895E-015
   3.5000000000000000       0.55011046992136703       0.21630974410555540        8.1620608462175559E-002  -2.6869922738215443E-016
   3.6000000000000001       0.57372203009400247       0.22747433261872049        7.3242774776620001E-002   1.0764184488494498E-015
   3.7000000000000002       0.59227283955602961       0.24713333007082686        7.2012463560967341E-002  -4.6249026012692082E-016
   3.8000000000000003       0.60550517882758970       0.27463588552782409        7.9144969397135195E-002  -2.9616666235533003E-017
   3.9000000000000004       0.61322244191452990       0.30900396159055044        9.5750539771409807E-002  -1.5337192313053343E-016
   4.0000000000000000       0.61529019165987275       0.34897174109719098       0.12261498825775999       -2.4739245035393158E-016
   4.1000000000000005       0.61163670132479386       0.39303673220190066       0.15997744121732610        1.7007249686523165E-016
   4.2000000000000002       0.60225296428815356       0.43952046868543221       0.20734475138762906       -5.9336173489020952E-016
   4.2999999999999998       0.58719216038055133       0.48663633213610258       0.26337853118728916       -9.4829569275466272E-017
   4.4000000000000004       0.56656857406472672       0.53256174897710529       0.32588113079845543        6.6563875322698811E-016
   4.5000000000000000       0.54055596633348424       0.57551184948129008       0.39189267288020901        3.6306849742524860E-016
   4.6000000000000005       0.50938540873420757       0.61381162481073903       0.45789466343628638        6.7204949782921339E-016
   4.7000000000000002       0.47334259427455078       0.64596368401874549       0.52009932919723934        2.3167442068705462E-017
   4.8000000000000007       0.43276464605430809       0.67070889341767193       0.57479027176406505        7.1112146657390424E-018
   4.9000000000000004       0.38803645024936417       0.68707746870563313       0.61867143772706856        1.0007251594033528E-016
   5.0000000000000000       0.33958654549488881       0.69442847439982180       0.64917917301344219        1.4621444359908282E-016
   5.1000000000000005       0.28788260573138402       0.69247615023017128       0.66471665935406510       -1.5484462250980887E-017
   5.2000000000000002       0.23342655814793814       0.68130201174461746       0.66478066549918857        1.7177404382644357E-016
   5.3000000000000007       0.17674938194505074       0.66135224150220251       0.64996567546346540       -4.5905240083357423E-016
   5.4000000000000004       0.11840563721223607       0.63342047525257095       0.62184776760088845       -3.1228785830761142E-016
   5.5000000000000000        5.8967776244909897E-002  0.59861667102821747       0.58276745854582446        3.7424189925513692E-016
   5.6000000000000005       -9.7970791265422825E-004  0.55832330489043536       0.53554451825066662       -1.1360377744127026E-016
   5.7000000000000002       -6.0846239034930395E-002  0.51414064305219609       0.48316641030841317        1.5726283792529885E-017
   5.8000000000000007      -0.12004116345242487       0.46782327611462937       0.42849422834742412        6.0072499686897361E-016
   5.9000000000000004      -0.17797974534782474       0.42121044984774209       0.37402550707504639        6.0269734957498067E-016
   6.0000000000000000      -0.23408909294015698       0.37615297444791290       0.32174285924699908       -9.4054310429097323E-017
   6.1000000000000005      -0.28781395743346910       0.33443963067343774       0.27306272772181350        6.9725138323050205E-016
   6.2000000000000002      -0.33862234775288191       0.29772601127733767       0.22888200151385032        3.9091360296063084E-017
   6.3000000000000007      -0.38601090582197589       0.26746863894709250       0.18970446546120706        1.4753290970709907E-016
   6.4000000000000004      -0.42950998943210239       0.24486699141727306       0.15581653867536924        4.0463812037876520E-016
   6.5000000000000000      -0.46868841259157507       0.23081574895343285       0.12747447990846611        3.9279208703196704E-016
   6.6000000000000005      -0.50315779659086701       0.22586917160468151       0.10506432816531575        5.2669718401696885E-016
   6.7000000000000002      -0.53257648884396491       0.23021902975798450        8.9201413493438853E-002   7.6635048187680800E-016
   6.8000000000000007      -0.55665301082676832       0.24368697089959848        8.0747388396932060E-002   1.3561219477231467E-015
   6.9000000000000004      -0.57514900108727363       0.26573162965978914        8.0737578674817220E-002   1.1259103035349937E-015
   7.0000000000000000      -0.58788162430178692       0.29547020014934283        9.0227618152832548E-002  -7.6670386667922751E-016
   7.1000000000000005      -0.59472542264621631       0.33171361274027095       0.11008318368906440        5.2684873047073530E-016
   7.2000000000000002      -0.59561359128747127       0.37301391480005724       0.14074775707010359       -1.7319880781348036E-016
   7.3000000000000007      -0.59053866552220535       0.41772196809535672       0.18202887059994602        1.7667660036757431E-016
   7.4000000000000004      -0.57955261293990812       0.46405316404620678       0.23294228824465624        1.1547617068190052E-016
   7.5000000000000000      -0.56276632990682129       0.51015853814345558       0.29164611639665972        2.7027135547794982E-016
   7.6000000000000005      -0.54034854759613549       0.55419844939304541       0.35548403744477319        2.1624901745086668E-016
   7.7000000000000002      -0.51252415866898382       0.59441588821026492       0.42114068009426164        2.6985292995767027E-016
   7.8000000000000007      -0.47957198148146041       0.62920649083876401       0.48489509480412557       -4.0455142103715220E-017
   7.9000000000000004      -0.44182198429635144       0.65718246952813753       0.54294305498640938       -3.1400845154777059E-017
   8.0000000000000000      -0.39965199735929163       0.67722791014035111       0.59174785191661183       -7.8700406248650619E-017
   8.0999999999999996      -0.35348394580293668       0.68854323290282959       0.62837414550783333        1.1732471779155820E-016
   8.2000000000000011      -0.30377964111887418       0.69067704396734597       0.65076110414453414       -2.3559758077563601E-016
   8.3000000000000007      -0.25103617333703593       0.68354410804729371       0.65789929058510876       -9.3866324022822533E-017
   8.4000000000000004      -0.19578095003268464       0.66742872565270650       0.64988928325878959       -1.0825286250725924E-018
   8.5000000000000000      -0.13856643180129277       0.64297338026462625       0.62787679293602827       -7.2238750850809432E-017
   8.5999999999999996       -7.9964616866991106E-002  0.61115310799168066       0.59387647184974202        1.7507323658208181E-016
   8.7000000000000011       -2.0561329990038978E-002  0.57323661142059390       0.55051204520821417        3.4016206694043647E-016
   8.8000000000000007        3.9049627211906052E-002  0.53073566781678794       0.50071147264340510       -8.4146193535243930E-016
   8.9000000000000004        9.8272406034603452E-002  0.48534484848263820       0.44740090578028519       -5.6537606345711066E-017
   9.0000000000000000       0.15651506126067827       0.43887395233431725       0.39323953064383310        3.1454471284060965E-016
   9.0999999999999996       0.21319546304263284       0.39317584721400917       0.34042930954287776       -8.2043246625818468E-017
   9.2000000000000011       0.26774711099295889       0.35007259553189052       0.29062050569173492        4.2437086571473818E-016
   9.3000000000000007       0.31962479235930036       0.31128280923255175       0.24491781057159298        9.2694072730267823E-017
   9.4000000000000004       0.36831002772377180       0.27835313007544360       0.20397547244086259       -2.7190774727601135E-016
   9.5000000000000000       0.41331624979116272       0.25259656676202608       0.16815565861462853       -3.3052612299640564E-016
   9.6000000000000014       0.45419366350018597       0.23504014708905455       0.13771461519353204       -1.2675296813111946E-016
   9.7000000000000011       0.49053373887828072       0.22638397195540289       0.11297752973343571       -8.7936059333133914E-016
   9.8000000000000007       0.52197329173199214       0.22697330350308723        9.4465903374916352E-002  -3.6400825378326542E-016
   9.9000000000000004       0.54819811138491148       0.23678480005295274        8.2950196521052330E-002   2.9687036968911540E-016
   10.000000000000000       0.56894609920251016       0.25542744651695382        7.9414053847685739E-002  -8.9471590980598737E-016
   10.100000000000001       0.58400988653270214       0.28215814311614451        8.4932332743367478E-002  -2.5364726194201382E-016
   10.200000000000001       0.59323890589374584       0.31591133086215978       0.10048086289603328       -2.1199607254049397E-016
   10.300000000000001       0.59654089470525418       0.35534147266724614       0.12670879091060924       -9.6016969304598960E-016
   10.400000000000000       0.59388281652874608       0.39887669644267409       0.16371238609163077       -5.5956889715307114E-016
   10.500000000000000       0.58529119060554580       0.44478146155967779       0.21085095102756735       -3.3224000196027932E-016
   10.600000000000001       0.57085182639218990       0.49122575032106003       0.26664063462190507       -1.0152200639604722E-016
   10.700000000000001       0.55070896573989392       0.53635802596634707       0.32875117903070045        3.7632927370791595E-017
   10.800000000000001       0.52506384128338668       0.57837904857919553       0.39411558418835418        6.6336522472973580E-016
   10.900000000000000       0.49417266543845939       0.61561360606909776       0.45914567204778134        3.6146496630264917E-016
   11.000000000000000       0.45834407009694850       0.64657730052313900       0.52003022855518655        1.5966284155911169E-016
   11.100000000000001       0.41793602259701662       0.67003572735441774       0.57307935227172824        1.1508586668603904E-016
   11.200000000000001       0.37335224877977835       0.68505368795219335       0.61507090510572704        1.6629027871585547E-016
   11.300000000000001       0.32503819886876090       0.69103247387459310       0.64355378125312690       -3.3742404353085984E-016
   11.400000000000000       0.27347659647696243       0.68773373617704803       0.65706830515733050       -3.7740385345116029E-016
   11.500000000000000       0.21918261521183546       0.67528898827998152       0.65525560355714629       -3.4165151041099743E-016
   11.600000000000001       0.16269873106974744       0.65419436352634364       0.63884351127687222       -4.6948331337448129E-016
   11.700000000000001       0.10458930205101474       0.62529083642990291       0.60951405660990898       -5.3070697090412527E-016
   11.800000000000001        4.5434929152446568E-002  0.58973069613299467       0.56967414931796745        3.9598112922750152E-017
   11.900000000000000       -1.4173344921123772E-002  0.54893160867423263       0.52216422964868081        1.7846043553242603E-016
   12.000000000000000       -7.3639941363242908E-002  0.50452009946221743       0.46994734219945872        1.7866802356638521E-017
   12.100000000000001      -0.13237069618452579       0.45826670913468903       0.41582224067920404       -6.5203797341715928E-016
   12.200000000000001      -0.18977879698524208       0.41201540793856478       0.36219860596107828        2.0655084306085589E-016
   12.300000000000001      -0.24529064626452934       0.36761008266111050       0.31096121132889432       -4.9138708166370405E-017
   12.400000000000000      -0.29835159268289824       0.32682102685059400       0.26343472884250518        6.5966320062840696E-016
   12.500000000000000      -0.34843147301400590       0.29127436493353681       0.22044427332508576        4.4546133920821863E-016
   12.600000000000001      -0.39502990941302352       0.26238722387034430       0.18245137418271865        3.5073359586450391E-016
   12.700000000000001      -0.43768130907381314       0.24131123685457317       0.14973329407229155        1.4325921649870344E-015
   12.800000000000001      -0.47595951632043826       0.22888663138871759       0.12256733024848661        1.2013093724207822E-016
   12.900000000000000      -0.50948207065150886       0.22560873210328558       0.10138190891047931        1.1077352957761282E-017
   13.000000000000000      -0.53791402819275869       0.23160821374910745        8.6842849139898107E-002   1.3997686796152407E-015
   13.100000000000001      -0.56097130837564413       0.24664589161648426        7.9855041682621530E-002   8.4630299461215310E-016
   13.200000000000001      -0.57842353240342814       0.27012225707317450        8.1475019897063780E-002   6.6758675568941371E-016
   13.300000000000001      -0.59009632514406418       0.30110137807158927        9.2746016066582962E-002   1.6199595038072331E-016
   13.400000000000000      -0.59587305745039076       0.33834821178930691       0.11448146991426901        4.0726943839419406E-016
   13.500000000000000      -0.59569601149928830       0.38037784186733381       0.14703323319086836       -9.6051779788978966E-016
   13.600000000000001      -0.58956695750632215       0.42551467731422438       0.19008518678973957        2.3100504714324499E-016
   13.700000000000001      -0.57754713605373409       0.47195925300378466       0.24251086693717117        5.9147303768189325E-016
   13.800000000000001      -0.55975664620853605       0.51785996864231421       0.30232524380291964        6.5757310076273641E-017
   13.900000000000000      -0.53637324554470034       0.56138690620003517       0.36674727810356050       -1.7034324596946906E-016
   14.000000000000000      -0.50763057405919587       0.60080478293926132       0.43237337940932202        1.7537255215514081E-016
   14.100000000000001      -0.47381581972826442       0.63454213163291451       0.49544496976483815       -7.7800257746147805E-017
   14.200000000000001      -0.43526684902888185       0.66125394997674414       0.55217866581550112       -9.0725579402948462E-018
   14.300000000000001      -0.39236883109646931       0.67987532156120434       0.59911744445930182       -1.3855006551326282E-016
   14.400000000000000      -0.34555038924927223       0.68966387070429869       0.63345716380092210       -7.6078010969797503E-017
   14.500000000000000      -0.29527931833213922       0.69022935860528067       0.65330563040101974       -1.2367967126669829E-016
   14.600000000000001      -0.24205791067068755       0.68154924091405344       0.65784063314242236       -1.4672985530161134E-017
   14.700000000000001      -0.18641793733745995       0.66396956648507777       0.64734760298386307        2.5989633124007294E-016
   14.800000000000001      -0.12891533487566223       0.63819118148531873       0.62313462664457719       -1.4409546717234127E-016
   14.900000000000000       -7.0124650569008948E-002  0.60524178885480551       0.58733982330793555       -1.2641632271341381E-017
   15.000000000000000       -1.0633301758793489E-002  0.56643497702089340       0.54266094137406340       -4.9299256074270582E-016
   15.100000000000001        4.8964293432807844E-002  0.52331785126197394       0.49204718858752677        3.9290764263001654E-016
   15.200000000000001       0.10807265532922623       0.47760935549281314       0.43839725465239132       -8.4115989049170192E-017
   15.300000000000001       0.16610119253303901       0.43113174338714305       0.38430467820160907       -1.9141403300147942E-016
   15.400000000000000       0.22247010291766428       0.38573793086750519       0.33188266586122173        2.9265420884552540E-016
   15.500000000000000       0.27661616681649182       0.34323762618917170       0.28268668054322904        2.2739183572087852E-017
   15.600000000000001       0.32799837452580105       0.30532518257843755       0.23773680600582947       -4.0701505221677755E-017
   15.700000000000001       0.37610333189321010       0.27351204971286419       0.19762567496082090       -2.4731311379655941E-016
   15.800000000000001       0.42045038998089229       0.24906651698961302       0.16268419799846032       -5.4658155720997866E-016
   15.900000000000000       0.46059644754954937       0.23296315082753580       0.13316859118595442       -2.8786240011063199E-016
   16.000000000000000       0.49614037837835756       0.22584394177812361       0.10942963581259627       -2.4814858541305428E-016
   16.100000000000001       0.52672703918450781       0.22799271038728047        9.2029087390951642E-002   6.5269598522890433E-016
   16.199999999999999       0.55205081809657219       0.23932379216537902        8.1778006769153672E-002   1.1119273583866733E-016
   16.300000000000001       0.57185868822644115       0.25938545276006403        7.9685897836865680E-002  -2.6360470723746075E-016
   16.400000000000002       0.58595273582959351       0.28737789717955170        8.6825604682538984E-002  -4.0960647538618435E-016
   16.500000000000000       0.59419213779316560       0.32218515509546947       0.10413433017488440        4.8865936803551305E-016
   16.600000000000001       0.59649456869330142       0.36241957105879680       0.13218337093745527        5.6738757678262782E-017
   16.699999999999999       0.59283702336307131       0.40647712594433116       0.17095620359418515       -9.2846248114929288E-016
   16.800000000000001       0.58325604675200227       0.45260138413222317       0.21967520879121341       -1.1607155904516852E-016
   16.900000000000002       0.56784736878059083       0.49895351705424085       0.27671140142969441        1.3187733836388056E-017
   17.000000000000000       0.54676494783818397       0.54368561148688810       0.33959991190687233        1.5281480528385087E-016
   17.100000000000001       0.52021943248133118       0.58501434002107111       0.40516841001962767        3.6149090189088729E-017
   17.199999999999999       0.48847605670270416       0.62129205669914234       0.46976859049770342        1.9395873224460649E-016
   17.300000000000001       0.45185198980045549       0.65107248346059754       0.52958491205156788        2.1718588616262657E-016
   17.400000000000002       0.41071316732718349       0.67316836868514984       0.58098250116647410        2.3283607392466709E-016
   17.500000000000000       0.36547063478262448       0.68669881916895770       0.62084943985094754       -5.2886307400266208E-017
   17.600000000000001       0.31657644058271661       0.69112441855754170       0.64688862994674534       -1.8062151230332407E-016
   17.699999999999999       0.26451911934105210       0.68626873217422091       0.65782110605269306       -3.8608256833886639E-016
   17.800000000000001       0.20981881059237614       0.67232534091447305       0.65347505113986681        1.0843230493698585E-016
   17.900000000000002       0.15302206173013275       0.64985012378702145       0.63475096240777806        5.6081968191878027E-016
   18.000000000000000        9.4696367085453301E-002  0.61973909677238159       0.60347093709598310       -9.0852399007076446E-016
   18.100000000000001        3.5424497711279451E-002  0.58319269149366337       0.56213621337626851       -4.7691147794874235E-017
   18.199999999999999       -2.4201321473463187E-002  0.54166789779628943       0.51362944292127788       -9.9148026726926326E-017
   18.300000000000001       -8.3585328999603345E-002  0.49682017816092727       0.46090482616931044       -8.7194505230824675E-016
   18.400000000000002      -0.14213417949941501       0.45043746963880271       0.40670924075660625        1.4900663045060326E-016
   18.500000000000000      -0.19926287221752056       0.40436890444380458       0.35337091450425429        2.4583561903261156E-016
   18.600000000000001      -0.25440059614511645       0.36045109088657695       0.30268014267266241        1.1261607317225803E-016
   18.699999999999999      -0.30699643337494192       0.32043489359707311       0.25587098294120819        6.1576598103659526E-016
   18.800000000000001      -0.35652486369094061       0.28591563207705167       0.21369627953824738        1.3664055027570143E-015
   18.900000000000002      -0.40249101539260712       0.25826948034594610       0.17657341361183196        7.7918091055476979E-016
   19.000000000000000      -0.44443560988945902       0.23859860322555129       0.14476721997217817        1.5052474221927111E-015
   19.100000000000001      -0.48193955066095684       0.22768721650669924       0.11857127232981932        6.1534723528570899E-016
   19.200000000000003      -0.51462811073042336       0.22597032274044948        9.8450021906228841E-002   9.0941261971402889E-016
   19.300000000000001      -0.54217467681313403       0.23351636905913833        8.5111834455820920E-002   1.1385637168484642E-015
   19.400000000000002      -0.56430401272835851       0.25002451840519552        7.9495559706008911E-002   9.7864536805654954E-016
   19.500000000000000      -0.58079500946830587       0.27483664295529248        8.2668830509243924E-002   1.3428133761980348E-015
   19.600000000000001      -0.59148289444624047       0.30696356159980664        9.5652293324022433E-002   8.7347609968412201E-016
   19.700000000000003      -0.59626087784976400       0.34512447547210429       0.11919780774653935        4.9903336092629076E-016
   19.800000000000001      -0.59508121964929650       0.38779802935753127       0.15355805095350450       -1.0478468458998000E-015
   19.900000000000002      -0.58795570660070173       0.43328296332489219       0.19828835431154521       -1.7655402510198337E-016
   20.000000000000000      -0.57495553447595482       0.47976593659125027       0.25211836756763284        2.1970660631422446E-016
