   3.00000000000000016653345369377348106       -0.848869494222567061944135869098538343        -1.13111438390943642156114087213686262       -0.101355680206516505890709751655151075      
   6.70000000000000037192471324942744104         1.31922962105026654874211694287483755        0.509540330258262063798814436983314133         2.98147229027835291902301051590692265E-0002
   10.5000000000000005828670879282071837        -1.35523522472669945717594607316973772        0.404146721675730414990039870451255417        -8.85420793862347939793483803515655587E-0002
   14.2000000000000007882583474838611437        0.935246516837021275886457506035169058        -1.06080630335334216782601798546133247         1.69787329006830367279303742749311268E-0002
   18.0000000000000009992007221626408864        -9.06915192975936942598899388171927726E-0002   1.41130083773222990840299290858413718        -7.57224747885802628494483045144163198E-0002
   21.7000000000000012045919817182948464       -0.670838712001667820649919892269764170        -1.24497767138447382308226536200660583         4.14159532579703472111597426667208913E-0003
   25.5000000000000014155343563970745890         1.29235902070015190585120447733697535        0.574283107141626318463063187124064749        -6.28977363375660815239960427915551193E-0002
   29.3000000000000016264767310758543317        -1.37359460806697917006336045102606177        0.336496246621721928733847146427520935        0.121564414280522617593164572743164304      
   33.0000000000000018318679906315082917        0.986660617482090530587411196401992126        -1.01315925239935376438380857610296573        -5.00687343052715564740174053383426317E-0002
   36.8000000000000020428103653102880344       -0.160511598893990172344366402763290058         1.40507146337901180190063536580253074        0.108762069510078997034967163714173398      
   40.5000000000000022482016248659419944       -0.608323671233717089344746094998812941        -1.27668754012511458668826593337596859        -3.72363392527864640516936374020173378E-0002
   44.3000000000000024591439995447217370         1.26231338343743450771227882915056966        0.637614798964705732487198407739840898         9.59523488557364754827785724039792521E-0002
   48.0000000000000026645352591003756970        -1.40839941699323809483453202019662087        0.128053760548768401467329281581536676        -2.44014219711357921265618875599547226E-0002
   51.8000000000000028754776337791554397         1.03565052620406063912897701137643472       -0.963023165205284895799849665764537942         8.31361215712863620188282308105813817E-0002
   55.5000000000000030808688933348093997       -0.368094867350578602530890983932077438         1.36546357377027440608006449306300892        -1.15648534221888997027998121998831302E-0002
   59.3000000000000032918112680135891424       -0.544314245379797119640783844064676337        -1.30526072135502006177364554751619750         7.03142573517412058637815865875000631E-0002
   63.1000000000000035027536426923688850         1.22916653457845816576152838248586185        0.699379814178834207662066061456038746       -0.128963650522292429785411873987582307      
   66.8000000000000037081449022480228450        -1.41301269465017722455858786485395761         5.81084544801116797961874788244786426E-0002   5.74876262743182545629405534494325371E-0002
   70.6000000000000039190872769268025877         1.08209588942563735385780512182117803       -0.910521224127526383097335529842764374       -0.116165978996235178433680493480470699      
   74.3000000000000041244785364824565477       -0.435302528779002850670736981941690018         1.34554490651721065436421090832437296         4.46570987393969973211543346890521363E-0002
   78.1000000000000043354209111612362904       -0.478967698643186492897375413544196093        -1.33062702379264729686097915341932708       -0.103360429164841425979229947318126690      
   81.8000000000000045408121707168902503         1.11122383505194123173093511803646327        0.874733613577074181697895171522635124         3.18235454114548000408169251354851762E-0002
   85.6000000000000047517545453956699930        -1.41415442767010757184831519839057441        -1.19794318021434165135070274213094587E-0002  -9.05478699990551576849557774778687426E-0002
   89.3000000000000049571458049513239530         1.20569351224193136349330957554050389       -0.739106474158071962047526449460569823         1.89878371599846401025661751107112974E-0002
   93.1000000000000051680881796301036957       -0.501440550435186370044972709940365319         1.32232051551850951540029615576343244        -7.77291709451545657478866153630578961E-0002
   96.8000000000000053734794391857576557       -0.275337119848104491440356430079901558        -1.38714188724012194529992152138435056         6.15084500039895014155693780373538607E-0003
   100.600000000000005584421813864537398         1.06651326972040513679707994967316700        0.928720375673400545177326204295782053        -6.49052018657523741011344196966041056E-0002
   104.400000000000005795364188543317141        -1.41182182006183288481796422623879390        -8.20377038733799296989551188266258458E-0002  0.123567240668089408654237003036364173      
   108.100000000000006000755448098971101         1.24083443680631664730687334306894288       -0.678454059179499615729967607015582181        -5.20768329807679323519617758435113975E-0002
   111.900000000000006211697822777750844       -0.566346445203456548238718957156893054         1.29584746778583662279813704612213155        0.110766152221546946176781100284697134      
   115.600000000000006417089082333404804       -0.206264032037740804226077215462487641        -1.39907936814614796181602729408021893        -3.92449348083750844237841252327112632E-0002
   119.400000000000006628031457012184546         1.01918257871681626233112798194708718        0.980425288487550124776927952753693769         9.79575518961834336268280538231398149E-0002
   123.100000000000006833422716567838506        -1.38383227791906365673185300198503074       -0.291503130650929079888128264295264110        -2.64103781059298191123923045556762199E-0002
   126.900000000000007044365091246618249         1.27292674990806262115551992835738192       -0.616134955785349929500562972870105955         8.51423088698146446939200015924937299E-0002
   130.600000000000007249756350802272209       -0.753122133974048587016758316410116632         1.19698405136232439049519982099508275        -1.35740338108817111372235661698001800E-0002
   134.400000000000007460698725481051952       -0.136684368605743559346218305094734911        -1.40757951713553137683554431116730885         7.23212927707112163296165957926199091E-0002
   138.100000000000007666089985036705912        0.861704850442918169652167594049913183         1.12135027441479332363854305413526791        -7.36772981673162367034417429688220733E-0004
   141.900000000000007877032359715485654        -1.36768623231979783169099793669393203       -0.359715169146666712622960584733117200         5.94953736185866326577599547090713903E-0002
   145.700000000000008087974734394265397         1.30189161412561775366249160286689398       -0.552302275792561930813163101671707938       -0.118169349987608784722341988550167789      
   149.400000000000008293365993949919357       -0.811507962908016500861865939771156611         1.15819401588899501884399490323475290         4.66654217655586671429425328054703626E-0002
   153.200000000000008504308368628699100        -6.67690763086019299448102366357451280E-0002  -1.41262145974747944050369942991934685       -0.105364999134129836888429289976852040      
   156.900000000000008709699628184353060        0.805080979828380287773844552734639007         1.16266981019453387025212466486923858         3.38323078370882893072081735221503087E-0002
   160.700000000000008920642002863132802        -1.34818005565317905165615456300421973       -0.427043270577248809420327021471555031        -9.25535029182920068221288061302239213E-0002
   164.400000000000009126033262418786762         1.36965523682952613132720925157305429       -0.352134808222447090758387551020565359         2.09969026729000438128132030614042837E-0002
   168.200000000000009336975637097566505       -0.867899902111852011849341165504280733         1.11655859525545876616057189109533689        -7.97357307142916302950888016258346304E-0002
   171.900000000000009542366896653220465        0.144477122363345513601830967441905157        -1.40679730998085260200866273725693883         8.16007726788791098470511197503099965E-0003
   175.700000000000009753309271332000208        0.746479309418741102996868322849513362         1.20113275563310366575772934855828937        -6.69125523218951746666780894123653388E-0002
   179.500000000000009964251646010779950        -1.32536168005058951402905191749949524       -0.493322023518498291474252711080805867        0.125569854482353979713360617528827296      
   183.200000000000010169642905566433910         1.38541963655126912764826920494149126       -0.283833764774058935815789004126496607        -5.40848379074155941912301653949870177E-0002
   187.000000000000010380585280245213653       -0.922159411352262978291305334355175392         1.07218008805100661896453177664057172        0.112770043635329778819511261700807454      
   190.700000000000010585976539800867613        0.214007905714463890097013344568004048        -1.39790833425663250031652495598574156        -4.12534579446638330226097479847196727E-0002
   194.500000000000010796918914479647356        0.686043818739738804459772770439240854         1.23664462124471597047358206065254644         9.99625849275359985502421510009259727E-0002
   198.200000000000011002310174035301316        -1.23705037527173787353315204614839939       -0.685311157839589229576316422192514275        -2.84192831558794828799877640173765975E-0002
   202.000000000000011213252548714081058         1.39778025402080518196375148449572044       -0.214835568009728661836694523800669595         8.71483474593682562017362608412594043E-0002
   205.700000000000011418643808269735018        -1.07163238959838371695188430119348657        0.922793018456549938778466109584427138        -1.55831844526446037518182843441862041E-0002
   209.500000000000011629586182948514761        0.283012726602091866800229307580935420        -1.38558495795962741433880948112800275         7.43282007909098736284551550835099665E-0002
   213.200000000000011834977442504168721        0.494105686784008534057501108086929019         1.32506619569267828654692147720502992        -2.74603287678471715611456556293325642E-0003
   217.000000000000012045919817182948464        -1.20157118253321177532897162951854445       -0.745765708370155651024726958157618078         6.15030148829244849609232973778309150E-0002
   220.800000000000012256862191861728206         1.40670673017335822653029714085553675       -0.145309736617930878476651857368825176       -0.120172517377009173273696591907807800      
   224.500000000000012462253451417382166        -1.11604005447962764477392335046134848        0.868557605807895448797693021301516505         4.86736600378214757375707909715963830E-0002
   228.300000000000012673195826096161909        0.351322053253102000773652918036167078        -1.36985746649227991500789828290130518       -0.107369386782690437156459182408970789      
   232.000000000000012878587085651815869        0.427839498089891629295911076915247858         1.34792025024499159643094848489141649         3.58410068405982594696597908376295959E-0002
   235.800000000000013089529460330595612        -1.16314002565672198364370971534431163       -0.804387881348107780241751962059477210        -9.45589748104109054106887604361333602E-0002
   239.500000000000013294920719886249572         1.41265229841223406442665796171029028         6.59320883623870132970873869859926733E-0002   2.30059260997633992286717495410978725E-0002
   243.300000000000013505863094565029314        -1.15770568236978979110782830869604640        0.812188435828210742317985634115462726        -8.17421507608400960072762048441265612E-0002
   247.000000000000013711254354120683274        0.551527298683208305894237599476216233        -1.30220932059075012898401966759394645         1.01692887882445831439341576405996647E-0002
   250.800000000000013922196728799463017        0.360522353103495059499572676734258241         1.36746263369030251931463485291003490        -6.89197843694525178896423090496549868E-0002
   254.600000000000014133139103478242760        -1.12185133117675115869925436350831455       -0.861033656812720937013108528390808332        0.127572252394996925428873242783303559      
   258.300000000000014338530363033896720         1.40764812086002595756791241869478102        0.135849581559994204886853159020329741        -5.60927457475083857538895638731706987E-0002
   262.100000000000014549472737712676462        -1.19652691503659589228936308339083636        0.753824003574923837464500325750701644        0.114773740420908199631053178549240587      
   265.800000000000014754863997268330422        0.615375067622814917733897317571370243        -1.27327914711011287646115653876568629        -4.32619053230088555632187322474212417E-0002
   269.600000000000014965806371947110165        0.292319641376769990967044079296089530         1.38364534234233088069876343324112648        0.101967444617300990468994380872073159      
   273.300000000000015171197631502764125       -0.981018224499638972512427177013981285        -1.01859090063942443627984443928253908        -3.04281337816297875074367549544280539E-0002
   277.100000000000015382140006181543868         1.39918560359983835665767829133444441        0.205433133035884861257892732806284653         8.91542340057062717094282073916350892E-0002
   280.800000000000015587531265737197828        -1.29549666309561911778708423529384417        0.567107128261279943193429003351063879        -1.75923020076380445740521572666163816E-0002
   284.600000000000015798473640415977570        0.677710797856654331301908870908346050        -1.24122081810222605176536746026133006         7.63349780765747658007286004239859102E-0002
   288.300000000000016003864899971631530         8.28727404828695483853697709823735513E-0002   1.41175498131029999304294609625529413        -4.75528102479433608113421727432902574E-0003
   292.100000000000016214807274650411273       -0.929339478922738036080031696095760272        -1.06594891861266947607122903589487560         6.35105467302742734736335469513193379E-0002
   295.900000000000016425749649329191016         1.38728554662052082232701426890602118        0.274511788673243179594407432855586902       -0.122175477835164625262156513638725713      
   299.600000000000016631140908884844976        -1.32200438654800165348859604320206676        0.502216373169927178854131226051259503         5.06818102180592079592853216727145617E-0002
   303.400000000000016842083283563624718        0.738381345008085520132973159399897527        -1.20611310360352851847053111378823295       -0.109373588779146918571651856268553958      
   307.100000000000017047474543119278678         1.28167222488368730027844312500504946E-0002   1.41412536025674984784044666957949698         3.78496390830163395659512309858841434E-0002
   310.900000000000017258416917798058421       -0.875377638591092494559031772375300737        -1.11068795732835663888342675116742092        -9.65642823421570195131789478165450465E-0002
   314.600000000000017463808177353712381         1.33088861348022911382923854379701447        0.478171748182279119421625362384906844         2.50149041009907579686910544524782143E-0002
   318.400000000000017674750552032492124        -1.34526410024810316717240599748124795        0.436091926828335323709468857855566974        -8.37484277498927942751324928613000844E-0002
   322.100000000000017880141811588146084        0.909864355152187437611871943976051045        -1.08261604312758069335492485709572857         1.21784762214960609072073799256416165E-0002
   325.900000000000018091084186266925826        -5.72706018034563961508197152264741203E-0002   1.41302146678458402974705376112352418        -7.09268946720912035873393196017041612E-0002
   329.700000000000018302026560945705569       -0.819265284550810444690431050536812585        -1.15269810738401253055551915166143482        0.129574431078069645428347798427066466      
   333.400000000000018507417820501359529         1.30555802571951032322399694392764658        0.543530816302374014230576943201582555        -5.81005531635134750702509035592543525E-0002
   337.200000000000018718360195180139272        -1.36521866749348338307148754953415516        0.368896249006658429540053888926517020        0.116777239248098361883907408213295012      
   340.900000000000018923751454735793232        0.962390366803662532663604684262438232        -1.03619988807304470730143634904976729        -4.52702736049041693999400692535696656E-0002
   344.700000000000019134693829414572974       -0.127217038920883234606174591231399527         1.40844602203325206826670005723008664        0.103972127633285299088544093075659618      
   348.400000000000019340085088970226934       -0.638348789437054519076822181826305554        -1.26190893829690342301910174235947168        -3.24369266439281467400091871679359822E-0002
   352.200000000000019551027463649006677         1.27701996931271131873418197862791082        0.607554350919356476127934336477101438         9.11599651748524364088138935352811780E-0002
   355.900000000000019756418723204660637        -1.40494506430716514265334862478657785        0.161340110266367662612155398392110856        -1.96013831360894413897464108935498794E-0002
   359.700000000000019967361097883440380         1.01255181152310408656790498304424113       -0.987238086633266414542304389207560825         7.83416212921727334991857469084327435E-0002
   363.400000000000020172752357439094339       -0.335674939989865488300818202093159241         1.37376181302991894741895844009610821        -6.76451408563605382412090808529382044E-0003
   367.200000000000020383694732117874082       -0.575034738100220000047905763961216234        -1.29198807272813566737462151745559456         6.55179658237722798529178075180755358E-0002
   371.000000000000020594637106796653825         1.24534456579020884842266786030117596        0.670085060547095061281115080954312970       -0.124178228033159318176646151580638644      
   374.700000000000020800028366352307785        -1.41121196734962208443906445578208540         9.15250385459804416680161888088136007E-0002   5.26898689683040222219595457524460182E-0002
   378.500000000000021010970741031087528         1.06022545731242008594953860182591272       -0.935850936291275686896292526683668481       -0.111377601792443503016834351894545106      
   382.200000000000021216362000586741487       -0.403333656270007336983441615631878303         1.35543938653543237574580617320148302         3.98582012254970753629197978529602178E-0002
   386.000000000000021427304375265521230       -0.510308089025489369576559269989051804        -1.31889293308702099935062151143160336        -9.85694221805606573284853925173396261E-0002
   389.700000000000021632695634821175190         1.13158655215849538438397894745802163        0.848176728758778636003975472107822095         2.70238333370856232215951447635410256E-0002
   393.500000000000021843638009499954933        -1.41401174552432722999788777838107213         2.14852873912887811516064538689675592E-0002  -8.57545583467922913307863038050814039E-0002
   397.200000000000022049029269055608893         1.18784177738160586483949440387500149       -0.767412352992299889769414576202666606         1.41876362277214190520891169020834866E-0002
   401.000000000000022259971643734388635       -0.470001273700875671587993948685856516         1.33378692307282318780046333491275517        -7.29338798936923421895832986662118848E-0002
   404.700000000000022465362903290042595       -0.308076101470815014941443351637606158        -1.38020898515672485784993536204341697         1.35048094587389407807696441075493904E-0003
   408.500000000000022676305277968822338         1.08816687106104858954841781296214985        0.903205144777951339662552206380616352        -6.01082568180769020239873648675889535E-0002
   412.300000000000022887247652647602081        -1.41333752929274409942778105765347846        -4.86070668188352489761662292079046337E-0002  0.118780536787057402244066253280272340      
   416.000000000000023092638912203256041         1.22440724391929079004009915284581929       -0.707609704043070560073734721199490593        -4.72785594519872128559624297763533165E-0002
   419.800000000000023303581286882035783       -0.535514003834953035946174418241172586         1.30885762775773530936536214182708480        0.105976630643601421859320969533690064      
   423.500000000000023508972546437689743       -0.239306287302798800476102847320449703        -1.39377724635871181484395538364002360        -3.44456584036299346876249290006401356E-0002
   427.300000000000023719914921116469486         1.04207386169812358901628694565325175        0.956014395394532009712351155558313050         9.31655376331007068626403784872258046E-0002
   431.000000000000023925306180672123446        -1.39031270155499080446221764864237503       -0.258671650744564500868932634803059375        -2.16104244982986944317697920837369979E-0002
   434.800000000000024136248555350903189         1.25796445410695149126803422342042252       -0.646068733986284784948771980151606428         8.03481271024054140499029667988197762E-0002
   438.500000000000024341639814906557149       -0.724572673873087045181991918908689831         1.21444340777030712713465247536596284        -8.77372871928092468996439431938463098E-0003
   442.300000000000024552582189585336891       -0.169948717503577490564920548229209505        -1.40392119780546221353247173839559630         6.75252688267541518111715099840655829E-0002
   446.100000000000024763524564264116634        0.993420773750012078356260310605268989         1.00647474302110564485998759636014815       -0.126180764642438858428475876201979546      
   449.800000000000024968915823819770594        -1.37578552502624263948482312137342392       -0.327245175298977152158061066642208038         5.46978329507519988608000208269155265E-0002
   453.600000000000025179858198498550337         1.28843097141403826511649848871698742       -0.582940643084015559837758149805371037       -0.113381422491850478761012132237221411      
   457.300000000000025385249458054204297       -0.783858742124575390250624891622371370         1.17704656128158041999804077293101101         4.18666899293234793038229284995265963E-0002
   461.100000000000025596191832732984039       -0.100173793394946572516292751425115975        -1.41061592645830198015536699623426075       -0.100574390992942808791643334761329218      
   464.800000000000025801583092288637999        0.832348970035381217516722471719876837         1.14326997971382153604233647252762657         2.90327104686445009026886208721127594E-0002
   468.600000000000026012525466967417742        -1.35787831461948585684245340190271209       -0.395014535114944064574423793517574252        -8.77605392171364307798293357932084229E-0002
   472.300000000000026217916726523071702         1.36091045045755859625956877720725728       -0.384436886465461827663657427282718214         1.61967654670572648344992678254109708E-0002
   476.100000000000026428859101201851445       -0.841218847745627789149864411777604205         1.13675800849195577485421697147679029        -7.49407366983568998268099041202312938E-0002
   479.800000000000026634250360757505405        0.111146557905197754435223167621810932        -1.40979194774047994168551029480895547         3.35972595597215638302070766003950301E-0003
   483.600000000000026845192735436285147        0.774675051912529194796787325286684378         1.18310794225493735637014788599698098        -6.21158533740291256200719179136724960E-0002
   487.400000000000027056135110115064890        -1.33663507412901954939321629974452079       -0.461813234463219402995568496505278316        0.120783629708288974973276570564912338      
   491.100000000000027261526369670718850         1.37828620951135849072422014096496435       -0.316529434910374570684329178811209329        -4.92867595260443942946584621955893632E-0002
   494.900000000000027472468744349498593       -0.896512071705079931441515489486611756         1.09367673908559920218282203627242605        0.107980950316673001704380536307097758      
   498.600000000000027677860003905152553        0.180866716287781767400047027538889702        -1.40255085784679712876825293513487825        -3.64543257217040363230113793800303625E-0002
   502.400000000000027888802378583932295        0.715098038942324543469451150992180544         1.22003910529352486173844671339616065         9.51709480470207918818476125984446103E-0002
   506.100000000000028094193638139586255        -1.25289314435518159068777059000796581       -0.655834099564138374129958761777613240        -2.36194227546437479283792434489101536E-0002
   509.900000000000028305136012818365998         1.39227570773150128643592064265649280       -0.247844501295133574372980780416122524         8.23544921722147851031585213941755608E-0002
   513.600000000000028510527272374019958        -1.04947474062369478100908225054046701        0.947871449899256002661589659267520423        -1.07829215857425748282191299735707653E-0002
   517.400000000000028721469647052799701        0.250142333996156361723037594476500198        -1.39186395718960604374302953672692792         6.95324524027604491644571874872187476E-0002
   521.200000000000028932412021731579443        0.653764306706982966076345750096326077         1.25397274280436917792889400269357332       -0.128183084334815813338611728268527886      
   524.900000000000029137803281287233403        -1.21885509212247836202219779848154436       -0.717109926307599890033810340005747719         5.67056988277686882017211042856035123E-0002
   528.700000000000029348745655966013146         1.40284458412369968016626449190522829       -0.178550834883256531013557421990927212       -0.115385047546969736189220957321644125      
   532.400000000000029554136915521667106        -1.09515231875584087007823950816013550        0.894703135206806271076869370706743398         4.38751018559125802223031745290918149E-0002
   536.200000000000029765079290200446849        0.318803213742985371674695011842945090        -1.37775751065793211612318348403077302       -0.102579185446920684670622442384243296      
   539.900000000000029970470549756100809        0.459604480022037997653992545776966437         1.33739072181409168471872712160843388         3.10415321563624506358149217373960261E-0002
   543.700000000000030181412924434880551        -1.18182260835826780767274876368223867       -0.776623775754461529072979271766789094        -8.97663670267838756891577144531801450E-0002
   547.400000000000030386804183990534511         1.41378667329462246089828276337657105         3.24866540751067884720601046184552774E-0002   1.82058605997032898619818974703197774E-0002
   551.200000000000030597746558669314254        -1.13813917421020697437276945852367630        0.839336825267893717534019567518620017        -7.69474617504112430328937811937341826E-0002
   554.900000000000030803137818224968214        0.520548791437974428636878678602160564        -1.31486691928910663204260935396463403         5.36895819883852428977952461090837572E-0003
   558.700000000000031014080192903747957        0.392770023459884757771492398877130573         1.35852004557348639356898222450560505        -6.41233394943905709263136381487317803E-0002
   562.500000000000031225022567582527699        -1.14188668340509714392612104375159941       -0.834229437062510516015705674965621965        0.122786514682648785535480892063541625      
   566.200000000000031430413827138181659         1.41043836110800868562682271572969680        0.102501485363736912294451454311549864        -5.12948704890166409234308034392259444E-0002
   570.000000000000031641356201816961402        -1.17832970258859562128444614450372763        0.781908551450389340704045767275545330        0.109985083321240364210026838382142144      
   573.700000000000031846747461372615362        0.585061854038643520411427286345942930        -1.28745620172920807670856764687866936        -3.84629252592383977713238212435446935E-0002
   577.500000000000032057689836051395105        0.324970771840339890194894829936989667         1.37631166082384162843681286346924220         9.71761930834636929246247568693261408E-0002
   581.200000000000032263081095607049065        -1.00482406591698069985698176460450819       -0.995071535324814003991687887838511201        -2.56283745655861415019785581198938703E-0002
   585.000000000000032474023470285828807         1.40362484974798916108715890619303394        0.172264305294800059934089460882440212         8.43607131667887078649570301219759357E-0002
   588.700000000000032679414729841482767        -1.28168764140205397822590157389840961        0.597589719771433795433007499562955538        -1.27920893450827543642900514358796800E-0002
   592.500000000000032890357104520262510        0.648137350624559499173554997780205215        -1.25688249406015847127798963142689934         7.15395132155421895203395254859407926E-0002
   596.300000000000033101299479199042253        0.256373298944913199900158960453721978         1.39072186528738085135730947551039949       -0.130185183782475242495147054208335941      
   600.000000000000033306690738754696213       -0.954281457859521442236375548602534446        -1.04363808275566518734332567530783240         5.87134632618946583291664680016466134E-0002
   603.800000000000033517633113433475955         1.39336288789340361352858450598643193        0.241603719105620475139339531722340779       -0.117388473627740302961346612528420623      
   607.500000000000033723024372989129915        -1.30972279408112187366053499130178692        0.533345732805489694967634584363643686         4.58834336668209728137310541798611496E-0002
   611.300000000000033933966747667909658        0.709620319144372790739528028886250378        -1.22322091894633641927699635237400895       -0.104583802210413255150884520935404664      
   615.000000000000034139358007223563618         4.62732817118331986331977661605996834E-0002   1.41339597101602732525115414920697106         3.30502950610386365516399227376718163E-0002
   618.800000000000034350300381902343361       -0.901394473871257096979053390448681234        -1.08964046171807211524818230530504738        -9.17720384418596502214252416611074195E-0002
   622.500000000000034555691641457997321         1.34180186284899568819980413630119957        0.446536748531503041463119326480547847         2.02149182859278218422590780785810538E-0002
   626.300000000000034766634016136777063        -1.33454010681488811251568556245406950        0.467791573344174174645453146965759704        -7.89540517144126830534480788465185702E-0002
   630.000000000000034972025275692431023        0.883973789388628149386363670762939548        -1.10381862915045786048867685371900643         7.37817433443711916587968677528879492E-0003
   633.800000000000035182967650371210766        -2.38190424234320232356277371112310359E-0002   1.41395078608132723658081439527192802        -6.61307118423771756792729098496032644E-0002
   637.600000000000035393910025049990509       -0.846293054418319904867791731060185973        -1.13296565885384385170936616655814679        0.124789188381350123598240102505955155      
   641.300000000000035599301284605644469         1.31802540603415774976418373801103974        0.512475483067524127752353594959386804        -5.33028890030049473208566101238824493E-0002
   645.100000000000035810243659284424211        -1.35607861606550846187220079870362571        0.401088300258923021963898495395850193        0.111989026326366054270199353685505369      
   648.800000000000036015634918840078171        0.937582252063294613882399904527242579        -1.05865930863980502500012709353430368        -4.04714536774455763820026830798227686E-0002
   652.600000000000036226577293518857914        -9.38526644202832149267619675742981563E-0002   1.41103176236186751313154898135277540         9.91812694095672440080504701943827271E-0002
   656.300000000000036431968553074511874       -0.668015175146930901948318486757131385        -1.24642434844091508031450478703187497        -2.76372765916765614090670866291840754E-0002
   660.100000000000036642910927753291617         1.29101084628079195510289567484967710        0.577154980276900398934254685946847258         8.63667867515664698999906902905885674E-0002
   663.800000000000036848302187308945577        -1.40070414535319887092699288978241206        0.194534694244057379138677036917961668        -1.48012286574168894307723139135880563E-0002
   667.600000000000037059244561987725319        0.988887094314622409595200766264937867        -1.01089915947807346113077233948588046         7.35464479290663935960390061798784897E-0002
   671.300000000000037264635821543379279       -0.303068432546961204445955931822648428         1.38129044546441296604739493039941457        -1.96418091302802121226476743424252960E-0003
   675.100000000000037475578196222159022       -0.605431921998659388322491112216451856        -1.27799252862647144753330044169233744         6.07211229158510425431561161304006901E-0002
   678.900000000000037686520570900938765         1.26082456222620466477608209586964351        0.640416336885664627741681308953759388       -0.119391697404443878590713066124398705      
   682.600000000000037891911830456592725        -1.40862109393719039178255033286223393        0.124888944995190406660022233110053608         4.78916820237503668547013839897632997E-0002
   686.400000000000038102854205135372467         1.03776227485171434948577438005412064       -0.960655527036299688311555356338021294       -0.106588237951646787898508392641914727      
   690.100000000000038308245464691026427       -0.371140298202949954915822784706623339         1.36457445138971950930872508449735081         3.50589958435818778930340585307760186E-0002
   693.900000000000038519187839369806170       -0.541361388479863642821281778132075574        -1.30642081553531464721182637460151195        -9.37775501287606808068979155285969456E-0002
   697.600000000000038724579098925460130         1.15131475576248783120338040759424189        0.821146032670417296089631947899851968         2.22239351860733761978413707429930056E-0002
   701.400000000000038935521473604239873        -1.41307727868704582555683511013569261         5.49365464093495450918027437049957029E-0002  -8.09605032551550197503907101295442271E-0002
   705.100000000000039140912733159893833         1.16932566043322046661788309061255941       -0.795287302257778270019893549735195241         9.38737102277077767459814873541711229E-0003
   708.900000000000039351855107838673575       -0.438300157554437304266838281270015530         1.34450597285213451132363057790918377        -6.81379670814059365453362221348841649E-0002
   712.700000000000039562797482517453318       -0.475960988906465701051826937609213619        -1.33163937387504104687102587446964923        0.126791647475969395419941956808923711      
   716.400000000000039768188742073107278         1.10921021707430268346228308852154556        0.877185244382158818266563346215654348        -5.53108117302759236779079101662672640E-0002
   720.200000000000039979131116751887021        -1.41406176053753825682451610681574416        -1.51506395312789642773346640914286205E-0002  0.113992776001440372175422163566947941      
   723.900000000000040184522376307540981         1.20729513288418608712279304111846267       -0.736367870168592750728820132547068473        -4.24799076376682905736422303004255624E-0002
   727.700000000000040395464750986320723       -0.504383012592708287262090988999549139         1.32113432344345445685995472887339668        0.101186173692761651123109539948958088      
   731.400000000000040600856010541974683       -0.272213129270245138358322817007705143        -1.38769489075812481491591423102150109        -2.96461254935603916121508650970635936E-0002
   735.200000000000040811798385220754426         1.06438064675781945534146534906450206        0.931069214538759221016508778929500116         8.83727095922443274968246063049749044E-0002
   738.900000000000041017189644776408386        -1.39601432815927212065060368265791949       -0.225696727136910173713623678016148032        -1.68103361829196340897158224075696899E-0002
   742.700000000000041228132019455188129         1.24229838687905541350592245705962538       -0.675639460730501710300690909191839577         7.55532532075216301576871144163010153E-0002
   746.400000000000041433523279010842089       -0.695618700997737394202514839245387733         1.23122197810698430935344787518931890        -3.97341072660627549957676066230470379E-0003
   750.200000000000041644465653689621831       -0.203116481120759976760327162673011189        -1.39947689424366030503009331228461869         6.27286744525450864963381069584307560E-0002
   754.000000000000041855408028368401574         1.01693619057265041064421571476249098        0.982665564982415161118542460419246441       -0.121394715547710368433240628917464482      
   757.700000000000042060799287924055534        -1.38311408620558003272749975312599207       -0.294593323843029143097404618294120380         4.98998435885531361614591505184868364E-0002
   761.500000000000042271741662602835277         1.27424943309320123816885169266788856       -0.613251278066172795743825921408764249       -0.108592489339160385592677514352774496      
   765.200000000000042477132922158489237       -0.755771772258961296719816791949229756         1.19523920185890533301891537745467187         3.70676311650161994183265168486959033E-0002
   769.000000000000042688075296837268979       -0.133520990410000547604492924627891655        -1.40782058956379528235342961338446709        -9.57828987541613368434999135992811264E-0002
   772.700000000000042893466556392922939        0.859149713057994491669109625996261264         1.12323079171151567891026720731936526         2.42329079605622075374666037024406870E-0002
   776.500000000000043104408931071702682        -1.36681580109887021408464512672458212       -0.362765975030898125670415682705737202        -8.29668130376740850935627953051037394E-0002
   780.200000000000043309800190627356642         1.35140398141589225206565335437638971       -0.416522315614301874878632904113445926         1.13965449238866039378698221899524647E-0002
   784.000000000000043520742565306136385       -0.814067883551392826919312128145690911         1.15632001938902273318243549213849385        -7.01451018751004550277318683845051548E-0002
   787.800000000000043731684939984916127        -6.35976427592297224743394682005527526E-0002  -1.41270548664042062250836211889724252        0.128793888638451655613600774655159765      
   791.500000000000043937076199540570087        0.802435802716604352718682173244241174         1.16442140494170181585475236964599651        -5.73186353332673437440255834152097825E-0002
   795.300000000000044148018574219349830        -1.34715952382374748602182805328171667       -0.430047193943551702497145231454103189        0.115996329016186909137114353222709327      
   799.000000000000044353409833775003790         1.37038130124188018032355476418604433       -0.349046464635866987249938155377219592        -4.44882838013849694426456184716632109E-0002
   802.800000000000044564352208453783533       -0.870363816056690091381636468999454245         1.11456005618738196546751480680456003        0.103190902600775031143879090012581583      
   806.500000000000044769743468009437493        0.147625664080732591322719400777013770        -1.40640781001650153320135783608879115        -3.16549179319832646743888462330690197E-0002
   810.300000000000044980685842688217235        0.743750591566581051329326367289615107         1.20275112479562628152207823989334420         9.03784783547810475860943478231067200E-0002
   814.000000000000045186077102243871195        -1.26803366607560068485304495431771792       -0.625991059020996351128707800701594643        -1.88194085818304221365856143815892570E-0002
   817.800000000000045397019476922650938         1.38599177707688592149588441998765440       -0.280713241643145909622117440529452844         7.75599257153235605714667350505857083E-0002
   821.500000000000045602410736478304898        -1.02673037354557118974761789055442294        0.972418039641984526669121716760892642        -5.98262675283760221438356009237933340E-0003
   825.300000000000045813353111157084641        0.217133275431715122852899282212356170        -1.39736329934873088842505200354134391         6.47361145350756950018247446749768700E-0002
   829.100000000000046024295485835864383        0.683238264362148744086917835143145578         1.23812578911139628687023308103785141       -0.123397524728523417077976701638893339      
   832.800000000000046229686745391518343        -1.23545575276452208281068294416882692       -0.688053814855798175986760724315426018         5.19079150232378672780314495767614219E-0002
   836.600000000000046440629120070298086         1.39819706540883246698664249042603500       -0.211690532014631892751394509975720695       -0.110596553041811522918326819594960907      
   840.300000000000046646020379625952046        -1.07365223304975946452905930656567087        0.920346549488882107567655079790735706         3.90761976864863815932054181487903869E-0002
   844.100000000000046856962754304731789        0.286107245876165392769541444702301555        -1.38488572757214100496237932814067268        -9.77880809850189709158420484564032897E-0002
   847.800000000000047062354013860385749        0.491110744912603058210522651542810611         1.32611275705900527650212389261340163         2.62418332699018609751388760140685810E-0002
   851.600000000000047273296388539165491        -1.19984261910566214700138411310671826       -0.748425977281017688464818648589561774        -8.49729777272532862301854459088947446E-0002
   855.300000000000047478687648094819451         1.41412933497458228836478606934954817        -9.75543018122608204884979492421302959E-0004   1.34056926978815216057596355048483402E-0002
   859.100000000000047689630022773599194        -1.11793618869639251423965982860241611        0.866014059708067522985556393337368295        -7.21521128872964830102684814686288478E-0002
   862.800000000000047895021282329253154        0.489280120485868924677890481727531392        -1.32678770379285584027100998356456121         5.68647015039300040426781493988479299E-0004
   866.600000000000048105963657008032897        0.424796380817915048380009478413937086         1.34881712176740729411403652136241854        -5.93263564745936924688253034607557284E-0002
   870.400000000000048316906031686812639        -1.16128176844538910946698683382418572       -0.806959226538828175326121135129859188        0.117999682040668082238061587059173363      
   874.100000000000048522297291242466599         1.41243869235505564016261001800631605         6.90974166612931603157124051128688192E-0002  -4.64965788302153021264416660853183598E-0002
   877.900000000000048733239665921246342        -1.15947344919428805234680373767079109        0.809554061910879084598316311995686643        0.105195452801638950221678474109395875      
   881.600000000000048938630925476900302        0.554422323563636286418997762255454988        -1.30091172617875915520586857742224820        -3.36636505677966124677472423273365715E-0002
   885.400000000000049149573300155680045        0.357438536979740451574197618103303402         1.36820761229791382760777579964537282         9.23840897054034492025046323164865723E-0002
   889.100000000000049354964559711334005        -1.02806622876824397010506316899184759       -0.970995973713424690795833832939093509        -2.08284425144590187766893809293476091E-0002
   892.900000000000049565906934390113747         1.40727793176447358261933754295227735        0.139000432964501525703430488553584816         7.95664621171204829574220498627109546E-0002
   896.600000000000049771298193945767707        -1.26716151497706896800334175275889225        0.627736382720458364626012545580099253        -7.99182565171672717005324868818412293E-0003
   900.400000000000049982240568624547450        0.618202235117218350700925307017164950        -1.27183969651103855847337007315631630         6.67434398267389785025935871730029350E-0002
   904.200000000000050193182943303327193        0.289202702920710855869007785711665418         1.38423659814512732171070817633183288       -0.125400121618225941129802723671647349      
   907.900000000000050398574202858981153       -0.978688011572608064575237483241012912        -1.02074380363587618003136504913559919         5.39158929899749078848425027104337449E-0002
   911.700000000000050609516577537760895         1.39865974136609621839305092929487598        0.208561766476090994993975692931524112       -0.112600425728781583009746200185284101      
   915.400000000000050814907837093414855        -1.29670833306772142048505273421830012        0.564175110354616445753462037361398709         4.10846920692635105620382803711190635E-0002
   919.200000000000051025850211772194598        0.680463162270823492964757451626204708        -1.23964304817206194515657028244459418        -9.97930934885794585240245374885132740E-0002
   922.900000000000051231241471327848558         7.97025010491869340139480093851454821E-0002   1.41187516695121173855534390587072906         2.82507077746907232875400013990910742E-0002
   926.700000000000051442183846006628301       -0.926905452645416471284712051011613478        -1.06798370937122335861598307103564774        -8.69789939894291481229417826599799328E-0002
   930.400000000000051647575105562282261         1.35196329001784942045583240298318519        0.414653057036095841130896799580088393         1.54148110049078258232701352989155826E-0002
   934.200000000000051858517480241062003        -1.32306928159491786104826209578458003        0.499227921159650664621944382608040696        -7.41589967820474679285789740421534784E-0002
   937.900000000000052063908739796715963        0.857589338955312426577709669631725236        -1.12440221474162962101889114530190328         2.57787278803331194351300556575314605E-0003
   941.700000000000052274851114475495706         9.64442598041134875351611386401933342E-0003   1.41408830903678275038721624921912758        -6.13339718170517133302143117114441126E-0002
   945.500000000000052485793489154275449       -0.872845779224069460181032517955132053        -1.11259963702114767770772235479410147        0.120002831745290668799849790813120189      
   949.200000000000052691184748709929409         1.32975421165038011497486124977660598        0.481134510141146020674114077144777262        -4.85047893859257869120391455294827020E-0002
   953.000000000000052902127123388709151        -1.34617960448602818983317999470640821        0.433054382981497092033524356748654364        0.107199820963693961654977851432415510      
   956.700000000000053107518382944363111        0.912250187798314455957302138524815659        -1.08052496253370941049774349243405912        -3.56723200619632166854353324066944604E-0002
   960.500000000000053318460757623142854        -6.04371611072105390795792638773337303E-0002   1.41282727014235247942771641736926778         9.43895403106119444814188187937635184E-0002
   964.200000000000053523852017178796814       -0.697306231679177050657272237850053604        -1.23024247146891090761306131319941576        -2.28374346411910721648436582371151365E-0002
   968.000000000000053734794391857576557         1.30427821057019232500315597020448085        0.546433723960663445050041536133320552         8.15728590777988759367229355828697651E-0002
   971.700000000000053940185651413230516        -1.39567906847249074349982775574490205        0.227618928743826622253501128074702134        -1.00010040832787871210701633927567288E-0002
   975.500000000000054151128026092010259        0.964669650060220443020455843817800535        -1.03399315812710698939357903962907034         6.87506469910337991932342115466271871E-0002
   979.300000000000054362070400770790002       -0.130370081575626178933685311129915534         1.40809515748678958835571728875389225       -0.127402502888525661375121980042295186      
   983.000000000000054567461660326443962       -0.635488789659867234064018825113980751        -1.26328195687702800737573601264519276         5.59237741511019149185892583147392943E-0002
   986.800000000000054778404035005223705         1.27559788551196138272276089334883919        0.610390272481247429539949622163115288       -0.114604104069581393335938988448614276      
   990.500000000000054983795294560877664        -1.40524155894652897640974960011852502        0.158181493606392415372411131778668395         4.30931109747505278893874677135361443E-0002
   994.300000000000055194737669239657407         1.01471894585546132131909684419982233       -0.984921129198171087386028644322032695       -0.101797932932382737313006776410355172      
   998.000000000000055400128928795311367       -0.338740491175778502974252435559853117         1.37294501823845115996456101476775640         3.02595281356235739005859087282551824E-0002
